0.000
-4.394
1.681
0.165
-1.343
-4.608
0.497
3.614
-5.173
-2.056
2.553
5.670
1.276
4.327
8.787
4.394
7.444
-3.117
3.117
-1.276
4.799
3.282
1.774
-8.787
-5.670
-3.989
-5.505
-2.553
-0.871
-2.388
2.056
5.173
4.111
-0.282
2.768
7.229
2.835
5.885
5.952
-3.614
-0.497
-1.559
-5.952
0.123
-1.394
-2.902
1.559
-2.835
3.240
1.724
0.215
0.282
-7.229
-5.547
-7.064
-4.111
-2.430
-3.946
2.430
3.946
5.547
7.064
-3.240
-1.724
-0.215
-0.123
1.394
2.902
-5.885
-2.768
0.871
2.388
3.989
5.505
-4.799
-3.282
-1.774
-1.681
-0.165
1.343
-7.444
-4.327
4.891
8.008
-0.779
2.338
2.553
5.670
8.787
-6.449
-3.332
1.276
-3.117
1.441
4.394
0.000
4.559
3.117
1.276
2.958
-0.067
4.394
6.075
3.050
-4.394
-8.787
-4.229
-1.276
-5.670
-1.111
-2.553
-4.394
-2.712
-5.737
-1.276
0.405
-2.620
3.332
6.449
4.111
7.229
-2.338
0.779
-0.282
2.835
-1.559
4.516
3.000
1.492
5.952
1.559
7.634
6.117
4.609
-8.008
-4.891
-5.952
-2.835
-7.229
-1.154