2.379
2.379
0
4.759
2.379
4.759
2.379
0
-2.379
-2.379
-2.379
-4.759
-4.759
-2.379
0
0
-2.379
2.379
0
4.759
4.759
7.138
4.759
7.138
0
0
-2.379
2.379
0
2.379
0
-2.379
2.379
2.379
0
4.759
2.379
4.759
2.379
0
-2.379
0
-2.379
2.379
-2.379
0
-4.759
-4.759
-2.379
4.759
7.138
4.759
4.759
7.138
4.759
2.379
-2.379
0
2.379
4.759
0
2.379
3.835
1.652
1.652
3.303
3.107
0.728
0.728
3.303
3.107
-3.107
-3.107
-0.924
-1.652
-4.031
-1.456
-1.652
-4.031
-1.456
-0.728
1.456
-0.728
-1.652
0.924
0.728
0.924
0.728
-1.652
4.031
6.215
4.031
3.107
5.683
5.487
5.683
5.487
3.107
1.456
-0.728
-0.728
0.924
0.728
-1.652
-1.652
0.924
0.728
3.835
1.652
1.652
3.303
3.107
-1.456
0.728
-0.924
-0.728
1.652
-0.924
-3.835
-1.652
-3.303
-3.107
-0.728
-3.303
-3.107
5.487
5.487
4.031
6.410
6.410
3.835
4.031
3.107
1.456
4.031
4.031
1.652
1.456
1.652
4.031