4.573
1.923
4.088
4.088
4.088
2.408
2.408
2.408
4.573
1.923
4.088
4.088
2.408
2.408
4.573
1.923
4.088
4.088
2.408
4.573
1.923
4.088
2.408
2.408
13.234
10.583
12.749
12.749
12.749
11.069
11.069
11.069
8.903
6.253
8.418
8.418
8.418
6.738
6.738
6.738
8.903
8.903
10.583
10.583
8.418
8.903
8.903
10.583
10.583
11.069
8.903
8.903
10.583
10.583
8.903
10.583
6.253
6.253
-0.243
0.243
0.243
0.243
3.248
3.248
3.248
5.413
5.413
5.413
1.083
1.083
1.083
3.248
3.248
3.248
5.413
5.413
5.413
1.083
1.083
1.083
3.248
3.248
3.248
5.413
5.413
5.413
1.083
1.083
1.083
3.248
3.248
3.248
5.413
5.413
5.413
1.083
1.083
1.083
11.909
11.909
11.909
14.074
14.074
14.074
9.743
9.743
9.743
7.578
7.578
7.578
9.743
9.743
9.743
9.743
7.578
7.578
11.909
11.909
9.743
9.743
7.578
7.578
7.578
11.909
11.909
9.743
9.743
7.578
7.578
11.909
11.909
11.909
9.743
7.578
7.578
11.909
11.909
-1.083
-1.083
-1.083