4.121
4.121
2.748
2.748
6.869
5.495
1.374
5.495
4.121
4.121
6.869
2.748
5.495
1.374
0
0
-1.374
-1.374
-2.748
0.000
0.000
-1.374
-2.748
1.374
2.748
2.748
1.374
1.374
5.495
4.121
0.000
4.121
1.374
1.374
0.000
0.000
4.121
2.748
-1.374
2.748
1.374
-2.748
-1.374
-1.374
4.121
5.495
5.495
2.748
6.869
0.000
1.374
-2.748
2.748
-1.374
5.495
6.869
1.374
5.495
1.374
2.748
2.748
-1.374
4.121
5.382
2.861
2.748
5.608
4.008
4.234
5.495
2.634
5.382
2.861
4.121
5.608
4.008
2.748
2.634
4.234
5.495
-1.261
0.000
1.261
-0.113
-1.374
1.487
1.374
-1.487
0.113
-1.261
0.000
1.261
-0.113
-1.374
1.487
1.374
-1.487
0.113
2.748
4.008
1.487
1.374
4.234
2.634
2.861
4.121
1.261
1.374
2.634
0.113
0.000
2.861
0.000
-1.261
1.374
-1.487
-0.113
-1.374
4.121
5.382
5.495
2.634
4.234
2.748
5.608
-1.261
1.261
-1.487
0.113
-0.113
-1.374
1.487
5.382
5.495
4.234
4.008
5.608
2.748
-0.113
1.487