0.000
0.000
0.000
0.000
0.000
1.417
1.417
1.417
1.417
2.128
2.128
2.128
2.128
2.128
3.546
3.546
3.546
3.546
4.257
4.257
4.257
4.257
4.257
4.257
5.674
5.674
5.674
5.674
6.385
6.385
6.385
6.385
6.385
7.803
7.803
7.803
7.803
8.513
8.513
8.513
8.513
8.513
0.000
0.000
0.000
0.000
0.000
0.709
0.709
0.709
0.709
2.128
2.128
2.128
2.128
2.128
2.837
2.837
2.837
2.837
4.257
4.257
4.257
4.257
4.257
4.965
4.965
4.965
4.965
6.385
6.385
6.385
6.385
6.385
7.094
7.094
7.094
7.094
8.513
8.513
8.513
8.513
8.513
0.000
0.000
0.000
0.000
0.000
1.417
1.417
1.417
1.417
2.128
2.128
2.128
2.128
2.128
3.546
3.546
3.546
3.546
4.257
4.257
4.257
4.257
4.257
5.674
5.674
5.674
5.674
6.385
6.385
6.385
6.385
6.385
7.803
7.803
7.803
7.803
8.513
8.513
8.513
8.513
8.513
0.000
0.000
0.000
0.000
0.000
0.709
0.709
0.709
0.709
2.128
2.128
2.128
2.128
2.128
2.837
2.837
2.837
2.837
4.257
4.257
4.257
4.257
4.257
4.965
4.965
4.965
4.965
6.385
6.385
6.385
6.385
6.385
7.094
7.094
7.094
7.094
8.513
8.513
8.513
8.513
8.513