0.000
0.000
0.000
0.000
0.000
0.000
0.000
0.000
0.000
0.000
0.000
0.000
0.000
0.000
0.000
0.000
0.000
0.000
0.000
0.000
0.000
0.000
0.000
0.000
0.000
0.000
0.000
0.000
0.000
0.000
0.000
0.000
0.000
0.000
0.000
0.000
0.000
0.000
0.000
0.000
0.000
0.000
3.348
3.348
3.348
3.348
3.348
3.348
3.348
3.348
3.348
3.348
3.348
3.348
3.348
3.348
3.348
3.348
3.348
3.348
3.348
3.348
3.348
3.348
3.348
3.348
3.348
3.348
3.348
3.348
3.348
3.348
3.348
3.348
3.348
3.348
3.348
3.348
3.348
3.348
3.348
3.348
3.348
6.696
6.696
6.696
6.696
6.696
6.696
6.696
6.696
6.696
6.696
6.696
6.696
6.696
6.696
6.696
6.696
6.696
6.696
6.696
6.696
6.696
6.696
6.696
6.696
6.696
6.696
6.696
6.696
6.696
6.696
6.696
6.696
6.696
6.696
6.696
6.696
6.696
6.696
6.696
6.696
6.696
10.044
10.044
10.044
10.044
10.044
10.044
10.044
10.044
10.044
10.044
10.044
10.044
10.044
10.044
10.044
10.044
10.044
10.044
10.044
10.044
10.044
10.044
10.044
10.044
10.044
10.044
10.044
10.044
10.044
10.044
10.044
10.044
10.044
10.044
10.044
10.044
10.044
10.044
10.044
10.044
10.044