0.000
2.456
4.912
7.368
9.824
0.000
2.456
4.912
7.368
-1.228
1.228
3.684
6.140
8.596
-1.228
1.228
3.684
6.140
-2.456
0.000
2.456
4.912
7.368
7.368
-2.456
0.000
2.456
4.912
-3.684
-1.228
1.228
3.684
6.140
-3.684
-1.228
1.228
3.684
-4.912
-2.456
0.000
2.456
4.912
0.000
2.456
4.912
7.368
9.824
1.227
3.683
6.139
8.595
-1.228
1.228
3.684
6.140
8.596
-0.001
2.455
4.911
7.367
-2.456
0.000
2.456
4.912
7.368
-1.229
1.227
3.683
6.139
-3.684
-1.228
1.228
3.684
6.140
-2.457
-0.001
2.455
4.911
-4.912
-2.456
0.000
2.456
4.912
0.000
2.456
4.912
7.368
9.824
0.000
2.456
4.912
7.368
-1.228
1.228
3.684
6.140
8.596
-1.228
1.228
3.684
6.140
-2.456
0.000
2.456
4.912
7.368
-2.456
0.000
2.456
4.912
-3.684
-1.228
1.228
3.684
6.140
-3.684
-1.228
1.228
3.684
-4.912
-2.456
0.000
2.456
4.912
0.000
2.456
4.912
7.368
9.824
1.227
3.683
6.139
8.595
-1.228
1.228
3.684
6.140
8.596
-0.001
2.455
4.911
7.367
-2.456
0.000
2.456
4.912
7.368
-1.229
1.227
3.683
6.139
-3.684
-1.228
1.228
3.684
6.140
-2.457
-0.001
2.455
4.911
-4.912
-2.456
0.000
2.456
4.912