-7.25
-7.25
-7.25
-7.25
-7.25
-7.25
-7.25
-7.25
-3.63
-3.63
-7.25
-7.25
-3.63
-3.63
-7.25
-7.25
0.00
0.00
-3.63
-3.63
0.00
0.00
-3.63
-3.63
-7.25
-7.25
-7.25
-7.25
-3.63
-3.63
-7.25
-7.25
-3.63
-3.63
-7.25
-7.25
0.00
0.00
-3.63
-3.63
0.00
0.00
-3.63
-3.63
3.63
3.63
0.00
0.00
3.63
3.63
0.00
0.00
7.25
7.25
3.63
3.63
7.25
7.25
3.63
3.63
-7.25
-7.25
-7.25
-7.25
-3.63
-3.63
-7.25
-7.25
-3.63
-3.63
-7.25
-7.25
0.00
0.00
-3.63
-3.63
0.00
0.00
-3.63
-3.63
3.63
3.63
0.00
0.00
3.63
3.63
0.00
0.00
7.25
7.25
3.63
3.63
7.25
7.25
3.63
3.63
7.25
7.25
7.25
7.25
0.00
0.00
-3.63
-3.63
0.00
0.00
-3.63
-3.63
3.63
3.63
0.00
0.00
3.63
3.63
0.00
0.00
7.25
7.25
3.63
3.63
7.25
7.25
3.63
3.63
7.25
7.25
7.25
7.25
7.25
7.25
3.63
3.63
7.25
7.25
3.63
3.63
7.25
7.25
7.25
7.25