7.90
6.47
7.90
6.47
3.11
1.68
3.11
1.68
5.51
4.07
5.51
4.07
5.51
4.07
5.51
4.07
7.90
6.47
7.90
6.47
7.90
6.47
7.90
6.47
-1.68
-3.11
-1.68
-3.11
0.72
-0.72
0.72
-0.72
0.72
-0.72
0.72
-0.72
3.11
1.68
3.11
1.68
3.11
1.68
3.11
1.68
5.51
4.07
5.51
4.07
5.51
4.07
5.51
4.07
7.90
6.47
7.90
6.47
7.90
6.47
7.90
6.47
-6.47
-7.90
-6.47
-7.90
-4.07
-5.51
-4.07
-5.51
-4.07
-5.51
-4.07
-5.51
-1.68
-3.11
-1.68
-3.11
-1.68
-3.11
-1.68
-3.11
0.72
-0.72
0.72
-0.72
0.72
-0.72
0.72
-0.72
3.11
1.68
3.11
1.68
3.11
1.68
3.11
1.68
5.51
4.07
5.51
4.07
-6.47
-7.90
-6.47
-7.90
-6.47
-7.90
-6.47
-7.90
-4.07
-5.51
-4.07
-5.51
-4.07
-5.51
-4.07
-5.51
-1.68
-3.11
-1.68
-3.11
-1.68
-3.11
-1.68
-3.11
0.72
-0.72
0.72
-0.72
-6.47
-7.90
-6.47
-7.90
-6.47
-7.90
-6.47
-7.90
-4.07
-5.51
-4.07
-5.51