-6.03
-3.75
3.75
6.03
-6.03
-3.75
3.75
6.03
-6.03
-3.75
1.14
-1.14
3.75
6.03
10.92
8.64
-6.03
-3.75
1.14
-1.14
3.75
6.03
10.92
8.64
-6.03
-3.75
3.75
6.03
-6.03
-3.75
1.14
-1.14
3.75
6.03
10.92
8.64
-6.03
-3.75
1.14
-1.14
3.75
6.03
10.92
8.64
-6.03
-3.75
1.14
-1.14
3.75
6.03
10.92
8.64
-6.03
-3.75
1.14
-1.14
3.75
6.03
10.92
8.64
-6.03
-3.75
3.75
6.03
-6.03
-3.75
1.14
-1.14
3.75
6.03
10.92
8.64
-6.03
-3.75
1.14
-1.14
3.75
6.03
10.92
8.64
-6.03
-3.75
1.14
-1.14
3.75
6.03
10.92
8.64
-6.03
-3.75
1.14
-1.14
3.75
6.03
10.92
8.64
1.14
-1.14
10.92
8.64
-6.03
-3.75
1.14
-1.14
3.75
6.03
10.92
8.64
-6.03
-3.75
1.14
-1.14
3.75
6.03
10.92
8.64
-6.03
-3.75
1.14
-1.14
3.75
6.03
10.92
8.64
1.14
-1.14
10.92
8.64
-6.03
-3.75
1.14
-1.14
3.75
6.03
10.92
8.64
1.14
-1.14
10.92
8.64