-1.80
-1.16
-2.96
0.00
-2.44
-0.64
3.60
4.24
2.44
5.40
2.96
4.76
-1.80
-1.16
-2.96
0.00
-2.44
-0.64
3.60
4.24
2.44
5.40
2.96
4.76
-1.80
-1.16
-2.96
0.00
-2.44
-0.64
3.60
4.24
2.44
5.40
2.96
4.76
-1.80
-1.16
-2.96
0.00
-2.44
-0.64
3.60
4.24
2.44
5.40
2.96
4.76
-3.60
-4.76
-4.24
1.80
0.64
1.16
-3.60
-4.76
-4.24
-2.44
1.80
0.64
1.16
2.96
-3.60
-4.76
-4.24
-2.44
1.80
0.64
1.16
2.96
-3.60
-4.76
-4.24
-2.44
1.80
0.64
1.16
2.96
-5.40
-6.56
-6.04
-4.24
1.16
-5.40
-6.56
-6.04
-4.24
-0.64
1.16
-5.40
-6.56
-6.04
-5.40
-6.56
-6.04
-0.64
-3.60
1.80
-1.80
-2.44
-3.60
-1.16
-2.96
3.60
2.96
4.76
1.80
4.24
2.44
-1.80
-1.16
-2.96
3.60
4.76
4.24
2.44
6.56
6.04
6.56
6.04
6.56
6.04
6.56
6.04
-2.96
-4.76
2.44
0.64
-2.96
-4.76
2.44
0.64
