-0.14
-1.10
0.80
-1.16
-1.10
0.80
-0.14
-1.10
0.80
-1.16
-1.10
0.80
-2.60
-3.57
-1.66
-3.62
-3.57
-1.66
-2.60
-3.57
-1.66
-3.62
-3.57
-1.66
4.78
3.82
5.73
3.76
3.82
5.73
4.78
3.82
5.73
3.76
3.82
5.73
2.32
1.36
3.27
1.30
1.36
3.27
2.32
1.36
3.27
1.30
1.36
3.27
1.30
0.30
2.76
1.30
0.30
2.76
-1.16
-2.16
0.30
-1.10
-1.16
-2.16
0.30
-1.10
6.22
5.22
7.68
6.28
6.22
5.22
7.68
6.28
3.76
2.76
5.22
3.82
3.76
2.76
5.22
3.82
-1.16
-1.10
-1.66
-2.16
-2.16
-3.62
-3.57
-4.12
-4.62
-4.12
-4.62
3.76
3.82
3.27
1.30
1.36
0.80
0.80
-3.62
-3.62
-5.06
-6.03
-6.08
-6.03
-4.12
-5.06
-6.03
-4.12
-6.08
-6.03
-4.12
-0.14
-1.10
0.80
-0.14
0.80
-1.10
0.80
-2.16
0.30
-4.62
-2.16
2.76
5.22
0.30
2.76
-4.12
-4.62
-4.12
-4.62
-6.58
-7.08
-6.58
-7.08