-4.26
-3.13
-3.65
-2.01
-5.39
-4.87
-4.26
-3.13
-3.65
-2.01
-5.39
-4.87
0.00
1.13
0.61
2.25
-1.13
-0.61
0.00
1.13
0.61
2.25
-1.13
-0.61
-4.26
-3.13
-3.65
-2.01
-5.39
-4.87
-4.26
-3.13
-3.65
-2.01
-5.39
-4.87
0.00
1.13
0.61
2.25
-1.13
-0.61
0.00
1.13
0.61
2.25
-1.13
-0.61
-2.25
-1.74
-2.52
-2.25
-1.74
-2.52
2.01
2.52
1.74
3.13
2.01
2.52
1.74
3.13
-2.25
-1.74
-2.52
-1.13
-2.25
-1.74
-2.52
-1.13
2.01
2.52
1.74
3.13
2.01
2.52
1.74
3.13
-2.01
-3.13
-0.61
-2.52
-2.52
2.25
1.13
3.65
1.74
3.65
1.74
-2.01
-3.13
-0.61
2.25
1.13
3.65
3.65
-2.25
-2.25
4.26
3.13
2.01
5.39
4.87
4.26
3.13
3.65
2.01
5.39
4.87
4.26
5.39
4.87
4.26
3.65
5.39
4.87
-2.52
-1.74
1.74
2.52
-2.52
-1.74
1.74
2.52
-3.65
-1.74
-3.65
-1.74
0.61
2.52
0.61
2.52