0.000
-0.005
0.801
-0.868
1.576
-16.397
-1.196
-1.196
-1.196
-1.196
0.000
0.000
-0.005
1.576
0.000
-0.005
1.576
0.000
0.000
-0.005
0.801
-0.868
1.576
0.000
0.000
0.801
-0.868
0.000
0.801
-0.868
-1.196
-1.196
-2.393
-2.388
-3.969
-2.393
-2.388
-3.969
-2.388
-1.196
-1.196
-2.393
-2.388
-3.194
-1.525
-3.969
-2.393
-2.388
-3.194
-1.525
-3.969
-2.388
-2.393
-3.194
-1.525
-2.393
-3.194
-1.525
-3.194
-1.525
-3.194
-1.525
-3.194
-1.525
-3.969
-3.194
-1.525
-3.969
-3.969
-3.969
0.801
-0.868
0.801
-0.868
0.801
-0.868
1.576
0.801
-0.868
1.576
1.576
1.576
6.404
6.404
6.404
6.404
7.596
7.596
7.596
6.404
6.404
7.601
7.596
6.733
7.601
7.596
6.733
7.596
-7.601
-6.799
-6.024
-7.601
-6.799
-6.024
7.601
7.596
6.733
7.601
7.596
6.733
7.596
-7.601
-6.799
-6.024
-7.601
-6.799
-6.024
6.404
6.404
5.212
5.212
6.404
6.404
5.208
5.208
5.212
4.407
6.076
3.632
5.208
5.212
4.407
6.076
3.632
6.404
6.404
5.208
5.208
5.212
4.407