0.000
2.871
1.731
2.396
1.204
-7.177
4.306
-1.435
4.306
-1.435
5.741
0.000
2.871
1.204
-5.741
-2.871
-4.537
5.741
-5.741
-2.871
-4.010
-3.345
-4.537
5.741
0.000
1.731
2.396
-5.741
-4.010
-3.345
1.435
-4.306
2.871
5.741
4.075
-2.871
0.000
-1.667
-5.741
1.435
-4.306
2.871
5.741
4.602
5.267
4.075
-2.871
0.000
-1.140
-0.474
-1.667
-5.741
2.871
4.602
5.267
-2.871
-1.140
-0.474
1.140
0.474
-4.602
-5.267
1.140
0.474
1.667
-4.602
-5.267
-4.075
1.667
-4.075
4.010
3.345
-1.731
-2.396
4.010
3.345
4.537
-1.731
-2.396
-1.204
4.537
-1.204
1.435
-4.306
1.435
-4.306
5.741
0.000
-5.741
1.435
-4.306
2.871
5.741
5.267
-2.871
0.000
-0.474
-5.741
2.871
4.602
4.075
-2.871
-1.140
-1.667
2.871
5.741
5.267
-2.871
0.000
-0.474
-5.741
2.871
4.602
4.075
-2.871
-1.140
-1.667
4.306
-1.435
2.871
-2.871
4.306
-1.435
5.741
0.000
2.871
1.731
2.396
1.204
-5.741
-2.871
-4.010
-3.345
-4.537
4.306
-1.435
5.741
0.000
2.871
1.731